No of Cores:
8
Matrix 1:
200, 1
50, 1
45, 2
47, 3
97, 2
126, 1
1, 1
2, 5
3, 4
4, 5
5, 2
110, 1
8, 3
9, 4
17, 5
18, 6
17 , 7
15 , 8
12 ,9
13, 1
10, 4
40, 5
200, 1
50, 1
45, 2
47, 3
97, 2
126, 1
1, 1
2, 5
3, 4
4, 5
5, 2
110, 1
8, 3
9, 4
Matrix 2:
1, 1, 1, 1, 1
30, 20, 15, 27, 16

Multiplied Matrix(From python)
[[230 220 215 227 216]
 [ 80  70  65  77  66]
 [105  85  75  99  77]
 [137 107  92 128  95]
 [157 137 127 151 129]
 [156 146 141 153 142]
 [ 31  21  16  28  17]
 [152 102  77 137  82]
 [123  83  63 111  67]
 [154 104  79 139  84]
 [ 65  45  35  59  37]
 [140 130 125 137 126]
 [ 98  68  53  89  56]
 [129  89  69 117  73]
 [167 117  92 152  97]
 [198 138 108 180 114]
 [227 157 122 206 129]
 [255 175 135 231 143]
 [282 192 147 255 156]
 [ 43  33  28  40  29]
 [130  90  70 118  74]
 [190 140 115 175 120]
 [230 220 215 227 216]
 [ 80  70  65  77  66]
 [105  85  75  99  77]
 [137 107  92 128  95]
 [157 137 127 151 129]
 [156 146 141 153 142]
 [ 31  21  16  28  17]
 [152 102  77 137  82]
 [123  83  63 111  67]
 [154 104  79 139  84]
 [ 65  45  35  59  37]
 [140 130 125 137 126]
 [ 98  68  53  89  56]
 [129  89  69 117  73]]