4
4
4
4
4
0
0
0
14
b
12
16
1a
1e
22
0
0
0
4
1
3
2
2
1
5
2
6
1
7
1
6
1
9
1
a
1
c
3
2
1
1
1
2
1
2
1
1
1
1
1
4
6
1
1
2
3
1
1
2
2
1
1
1
1
1
1
1
3
4
8
1
1
6
3
4
1
3
1
a
e
a
e
a
e
e
a
e
e
a
e
e
a
e
a
e
e
e
e
14
13
14
13
14
13
13
14
13
13
14
13
13
14
13
14
13
13
13
13
1e
29
1e
29
1e
29
29
1e
29
29
1e
29
29
1e
29
1e
29
29
29
29
1
1
1
1
1
1
1
1
1
1
1
1
1
1
1
1
1
1
1
1
1
1
1
1
1
1
1
1
1
1
1
1
1
1
1
1
1
1
1
1
1
1
1
1
1
1
1
1
1
1
1
1
1
1
1
1
1
1
1
1
1
1
1
1
1
1
1
1
1
1
1
1
1
1
1
1
1
1
1
1
3
3
3
3
3
3
3
3
3
3
3
3
3
3
3
3
3
3
3
3
6
1
1
1
9
1
a
1
9
2
29
29
1
1
1
1
1
2
1
1
2
1
1
1
1
1
6
3
4
1
6
1
1
1
1
6
1
e
a
e
1
e
a
1
1
1
0
1
13
14
13
1
13
14
1
1
3
5
7
29
1e
29
7
29
1e
3
3