No of Cores:
3
Matrix 1:
1,2,2,1,1,2,1
1,1,1,2,1,1,1
1,2,1,1,1,1,1
5,2,1,2,1,1,1
1,1,1,1,1,3,1
1,1,4,1,1,8,1
1,4,1,1,6,1,1
1,1,6,1,1,3,1
1,2,4,1,3,1,1
1,1,3,3,1,1,1
Matrix 2:
1,1,1,1
1,3,1,1
1,1,1,6
1,5,1,1
1,1,1,1
1,1,1,1
1,1,2,1

Multiplied Matrix(From python)
[[10 18 11 20]
 [ 8 18  9 13]
 [ 8 16  9 13]
 [13 25 14 18]
 [ 9 15 10 14]
 [17 23 18 37]
 [15 27 16 20]
 [14 20 15 44]
 [13 21 14 33]
 [11 25 12 26]]

Multiplied Matrix(From FPGA)
[10, 18, 11, 20]
[8, 18, 9, 13]
[8, 16, 9, 13]
[13, 25, 14, 18]
[8, 18, 9, 13]
[8, 16, 9, 13]
[13, 25, 14, 18]
[8, 16, 9, 13]
[13, 25, 14, 18]
[9, 15, 10, 14]
