No of Cores:
1
Matrix 1:
200, 1,1, 1 
1,30, 20, 15
50, 1,1, 1
1,30, 20, 15
45, 2,1, 1 
1,30, 20, 15
47, 3,1, 1 
1,30, 20, 15
97, 2,1, 1 
1,30, 20, 15
126, 1,1, 1
1,30, 20, 15
1, 1,1, 1
1,30, 20, 15
2, 5,1, 1 
1,30, 20, 15
3, 4,1, 1
1,30, 20, 15
4, 5,1, 1 
1,30, 20, 15
5, 2,1, 1
1,30, 20, 15
110, 1,1, 1 
1,30, 20, 15
8, 3,1, 1
1,30, 20, 15
9, 4,1, 1
1,30, 20, 15
17, 5,1, 1 
1,30, 20, 15
18, 6,1, 1
1,30, 20, 15
17 , 7,1, 1
1,30, 20, 15
15 , 8,1, 1
1,30, 20, 15
12 ,9,1, 1
1,30, 20, 15
13, 1,1, 1
1,30, 20, 15
10, 4,1, 1
1,30, 20, 15
40, 5,1, 1
1,30, 20, 15
200, 1,1, 1
1,30, 20, 15
50, 1,1, 1
1,30, 20, 15
45, 2,1, 1
1,30, 20, 15
47, 3,1, 1
1,30, 20, 15
97, 2,1, 1
1,30, 20, 15
126, 1,1, 1
1,30, 20, 15
1, 1,1, 1
1,30, 20, 15
2, 5,1, 1
1,30, 20, 15
3, 4,1, 1
1,30, 20, 15
4, 5,1, 1
1,30, 20, 15
5, 2,1, 1
1,30, 20, 15
110, 1,1, 1
1,30, 20, 15
8, 3,1, 1
1,30, 20, 15
9, 4,1, 1
1,30, 20, 15
Matrix 2:
50, 1,1, 1, 1,30, 20, 15,45, 2,1
47, 3,1, 1, 1,30, 20, 15,97, 2,1
126, 1,1, 1, 1,30, 20, 15,1, 1,1
2, 5,1, 1, 1,30, 20, 15,3, 4,1

Multiplied Matrix(From python)
[[10175   209   203   203   203  6090  4060  3045  9101   407   203]
 [ 4010   186    66    66    66  1980  1320   990  3020   142    66]
 [ 2675    59    53    53    53  1590  1060   795  2351   107    53]
 [ 4010   186    66    66    66  1980  1320   990  3020   142    66]
 [ 2472    57    49    49    49  1470   980   735  2223    99    49]
 [ 4010   186    66    66    66  1980  1320   990  3020   142    66]
 [ 2619    62    52    52    52  1560  1040   780  2410   105    52]
 [ 4010   186    66    66    66  1980  1320   990  3020   142    66]
 [ 5072   109   101   101   101  3030  2020  1515  4563   203   101]
 [ 4010   186    66    66    66  1980  1320   990  3020   142    66]
 [ 6475   135   129   129   129  3870  2580  1935  5771   259   129]
 [ 4010   186    66    66    66  1980  1320   990  3020   142    66]
 [  225    10     4     4     4   120    80    60   146     9     4]
 [ 4010   186    66    66    66  1980  1320   990  3020   142    66]
 [  463    23     9     9     9   270   180   135   579    19     9]
 [ 4010   186    66    66    66  1980  1320   990  3020   142    66]
 [  466    21     9     9     9   270   180   135   527    19     9]
 [ 4010   186    66    66    66  1980  1320   990  3020   142    66]
 [  563    25    11    11    11   330   220   165   669    23    11]
 [ 4010   186    66    66    66  1980  1320   990  3020   142    66]
 [  472    17     9     9     9   270   180   135   423    19     9]
 [ 4010   186    66    66    66  1980  1320   990  3020   142    66]
 [ 5675   119   113   113   113  3390  2260  1695  5051   227   113]
 [ 4010   186    66    66    66  1980  1320   990  3020   142    66]
 [  669    23    13    13    13   390   260   195   655    27    13]
 [ 4010   186    66    66    66  1980  1320   990  3020   142    66]
 [  766    27    15    15    15   450   300   225   797    31    15]
 [ 4010   186    66    66    66  1980  1320   990  3020   142    66]
 [ 1213    38    24    24    24   720   480   360  1254    49    24]
 [ 4010   186    66    66    66  1980  1320   990  3020   142    66]
 [ 1310    42    26    26    26   780   520   390  1396    53    26]
 [ 4010   186    66    66    66  1980  1320   990  3020   142    66]
 [ 1307    44    26    26    26   780   520   390  1448    53    26]
 [ 4010   186    66    66    66  1980  1320   990  3020   142    66]
 [ 1254    45    25    25    25   750   500   375  1455    51    25]
 [ 4010   186    66    66    66  1980  1320   990  3020   142    66]
 [ 1151    45    23    23    23   690   460   345  1417    47    23]
 [ 4010   186    66    66    66  1980  1320   990  3020   142    66]
 [  825    22    16    16    16   480   320   240   686    33    16]
 [ 4010   186    66    66    66  1980  1320   990  3020   142    66]
 [  816    28    16    16    16   480   320   240   842    33    16]
 [ 4010   186    66    66    66  1980  1320   990  3020   142    66]
 [ 2363    61    47    47    47  1410   940   705  2289    95    47]
 [ 4010   186    66    66    66  1980  1320   990  3020   142    66]
 [10175   209   203   203   203  6090  4060  3045  9101   407   203]
 [ 4010   186    66    66    66  1980  1320   990  3020   142    66]
 [ 2675    59    53    53    53  1590  1060   795  2351   107    53]
 [ 4010   186    66    66    66  1980  1320   990  3020   142    66]
 [ 2472    57    49    49    49  1470   980   735  2223    99    49]
 [ 4010   186    66    66    66  1980  1320   990  3020   142    66]
 [ 2619    62    52    52    52  1560  1040   780  2410   105    52]
 [ 4010   186    66    66    66  1980  1320   990  3020   142    66]
 [ 5072   109   101   101   101  3030  2020  1515  4563   203   101]
 [ 4010   186    66    66    66  1980  1320   990  3020   142    66]
 [ 6475   135   129   129   129  3870  2580  1935  5771   259   129]
 [ 4010   186    66    66    66  1980  1320   990  3020   142    66]
 [  225    10     4     4     4   120    80    60   146     9     4]
 [ 4010   186    66    66    66  1980  1320   990  3020   142    66]
 [  463    23     9     9     9   270   180   135   579    19     9]
 [ 4010   186    66    66    66  1980  1320   990  3020   142    66]
 [  466    21     9     9     9   270   180   135   527    19     9]
 [ 4010   186    66    66    66  1980  1320   990  3020   142    66]
 [  563    25    11    11    11   330   220   165   669    23    11]
 [ 4010   186    66    66    66  1980  1320   990  3020   142    66]
 [  472    17     9     9     9   270   180   135   423    19     9]
 [ 4010   186    66    66    66  1980  1320   990  3020   142    66]
 [ 5675   119   113   113   113  3390  2260  1695  5051   227   113]
 [ 4010   186    66    66    66  1980  1320   990  3020   142    66]
 [  669    23    13    13    13   390   260   195   655    27    13]
 [ 4010   186    66    66    66  1980  1320   990  3020   142    66]
 [  766    27    15    15    15   450   300   225   797    31    15]
 [ 4010   186    66    66    66  1980  1320   990  3020   142    66]]

Multiplied Matrix(From FPGA)
[10175, 209, 203, 203, 203, 6090, 4060, 3045, 9101, 407, 203]
[4010, 186, 66, 66, 66, 1980, 1320, 990, 3020, 142, 66]
[2675, 59, 53, 53, 53, 1590, 1060, 795, 2351, 107, 53]
[4010, 186, 66, 66, 66, 1980, 1320, 990, 3020, 142, 66]
[2472, 57, 49, 49, 49, 1470, 980, 735, 2223, 99, 49]
[4010, 186, 66, 66, 66, 1980, 1320, 990, 3020, 142, 66]
[2619, 62, 52, 52, 52, 1560, 1040, 780, 2410, 105, 52]
[4010, 186, 66, 66, 66, 1980, 1320, 990, 3020, 142, 66]
[5072, 109, 101, 101, 101, 3030, 2020, 1515, 4563, 203, 101]
[4010, 186, 66, 66, 66, 1980, 1320, 990, 3020, 142, 66]
[6475, 135, 129, 129, 129, 3870, 2580, 1935, 5771, 259, 129]
[4010, 186, 66, 66, 66, 1980, 1320, 990, 3020, 142, 66]
[225, 10, 4, 4, 4, 120, 80, 60, 146, 9, 4]
[4010, 186, 66, 66, 66, 1980, 1320, 990, 3020, 142, 66]
[463, 23, 9, 9, 9, 270, 180, 135, 579, 19, 9]
[4010, 186, 66, 66, 66, 1980, 1320, 990, 3020, 142, 66]
[466, 21, 9, 9, 9, 270, 180, 135, 527, 19, 9]
[4010, 186, 66, 66, 66, 1980, 1320, 990, 3020, 142, 66]
[563, 25, 11, 11, 11, 330, 220, 165, 669, 23, 11]
[4010, 186, 66, 66, 66, 1980, 1320, 990, 3020, 142, 66]
[472, 17, 9, 9, 9, 270, 180, 135, 423, 19, 9]
[4010, 186, 66, 66, 66, 1980, 1320, 990, 3020, 142, 66]
[5675, 119, 113, 113, 113, 3390, 2260, 1695, 5051, 227, 113]
[4010, 186, 66, 66, 66, 1980, 1320, 990, 3020, 142, 66]
[669, 23, 13, 13, 13, 390, 260, 195, 655, 27, 13]
[4010, 186, 66, 66, 66, 1980, 1320, 990, 3020, 142, 66]
[766, 27, 15, 15, 15, 450, 300, 225, 797, 31, 15]
[4010, 186, 66, 66, 66, 1980, 1320, 990, 3020, 142, 66]
[1213, 38, 24, 24, 24, 720, 480, 360, 1254, 49, 24]
[4010, 186, 66, 66, 66, 1980, 1320, 990, 3020, 142, 66]
[1310, 42, 26, 26, 26, 780, 520, 390, 1396, 53, 26]
[4010, 186, 66, 66, 66, 1980, 1320, 990, 3020, 142, 66]
[1307, 44, 26, 26, 26, 780, 520, 390, 1448, 53, 26]
[4010, 186, 66, 66, 66, 1980, 1320, 990, 3020, 142, 66]
[1254, 45, 25, 25, 25, 750, 500, 375, 1455, 51, 25]
[4010, 186, 66, 66, 66, 1980, 1320, 990, 3020, 142, 66]
[1151, 45, 23, 23, 23, 690, 460, 345, 1417, 47, 23]
[4010, 186, 66, 66, 66, 1980, 1320, 990, 3020, 142, 66]
[825, 22, 16, 16, 16, 480, 320, 240, 686, 33, 16]
[4010, 186, 66, 66, 66, 1980, 1320, 990, 3020, 142, 66]
[816, 28, 16, 16, 16, 480, 320, 240, 842, 33, 16]
[4010, 186, 66, 66, 66, 1980, 1320, 990, 3020, 142, 66]
[2363, 61, 47, 47, 47, 1410, 940, 705, 2289, 95, 47]
[4010, 186, 66, 66, 66, 1980, 1320, 990, 3020, 142, 66]
[10175, 209, 203, 203, 203, 6090, 4060, 3045, 9101, 407, 203]
[4010, 186, 66, 66, 66, 1980, 1320, 990, 3020, 142, 66]
[2675, 59, 53, 53, 53, 1590, 1060, 795, 2351, 107, 53]
[4010, 186, 66, 66, 66, 1980, 1320, 990, 3020, 142, 66]
[2472, 57, 49, 49, 49, 1470, 980, 735, 2223, 99, 49]
[4010, 186, 66, 66, 66, 1980, 1320, 990, 3020, 142, 66]
[2619, 62, 52, 52, 52, 1560, 1040, 780, 2410, 105, 52]
[4010, 186, 66, 66, 66, 1980, 1320, 990, 3020, 142, 66]
[5072, 109, 101, 101, 101, 3030, 2020, 1515, 4563, 203, 101]
[4010, 186, 66, 66, 66, 1980, 1320, 990, 3020, 142, 66]
[6475, 135, 129, 129, 129, 3870, 2580, 1935, 5771, 259, 129]
[4010, 186, 66, 66, 66, 1980, 1320, 990, 3020, 142, 66]
[225, 10, 4, 4, 4, 120, 80, 60, 146, 9, 4]
[4010, 186, 66, 66, 66, 1980, 1320, 990, 3020, 142, 66]
[463, 23, 9, 9, 9, 270, 180, 135, 579, 19, 9]
[4010, 186, 66, 66, 66, 1980, 1320, 990, 3020, 142, 66]
[466, 21, 9, 9, 9, 270, 180, 135, 527, 19, 9]
[4010, 186, 66, 66, 66, 1980, 1320, 990, 3020, 142, 66]
[563, 25, 11, 11, 11, 330, 220, 165, 669, 23, 11]
[4010, 186, 66, 66, 66, 1980, 1320, 990, 3020, 142, 66]
[472, 17, 9, 9, 9, 270, 180, 135, 423, 19, 9]
[4010, 186, 66, 66, 66, 1980, 1320, 990, 3020, 142, 66]
[5675, 119, 113, 113, 113, 3390, 2260, 1695, 5051, 227, 113]
[4010, 186, 66, 66, 66, 1980, 1320, 990, 3020, 142, 66]
[669, 23, 13, 13, 13, 390, 260, 195, 655, 27, 13]
[4010, 186, 66, 66, 66, 1980, 1320, 990, 3020, 142, 66]
[766, 27, 15, 15, 15, 450, 300, 225, 797, 31, 15]
[4010, 186, 66, 66, 66, 1980, 1320, 990, 3020, 142, 66]
