No of Cores:
5
Matrix 1:
4,2,2,10,20,30,1,1,1,1,3
1,1,2,14,19,41,1,1,1,1,3
3,1,1,10,20,30,1,1,1,1,3
2,1,1,14,19,41,1,1,1,1,3
2,2,1,10,20,30,1,1,1,1,3
1,1,1,14,19,41,1,1,1,1,3
5,2,1,14,19,41,1,1,1,1,3
2,1,1,10,20,30,1,1,1,1,3
6,1,1,14,19,41,1,1,1,1,3
1,1,3,14,19,41,1,1,1,1,3
7,1,4,10,20,30,1,1,1,1,3
1,1,8,14,19,41,1,1,1,1,3
6,4,1,14,19,41,1,1,1,1,3
1,6,1,10,20,30,1,1,1,1,3
9,1,6,14,19,41,1,1,1,1,3
1,1,3,10,20,30,1,1,1,1,3
10,2,4,14,19,41,1,1,1,1,3
1,3,1,14,19,41,1,1,1,1,3
12,1,3,14,19,41,1,1,1,1,3
3,1,1,14,19,41,1,1,1,1,3
Matrix 2:
1,1,1,1,1,3
1,1,1,6,0,5
1,1,1,1,1,7
9,1,6,14,19,41
1,1,3,10,20,30
10,2,4,14,19,41
1,1,1,1,1,7
9,1,6,14,19,41
2,2,1,10,20,30
41,1,1,1,1,3
41,1,1,1,1,3